20, 16, 25, 39, 50, 46, 62, 68
16, 18, 23, 38, 38, 53, 65, 68
25, 23, 31, 38, 53, 65, 68, 68
39, 38, 38, 53, 65, 68, 68, 68
50, 38, 53, 65, 68, 68, 68, 68
46, 53, 65, 68, 68, 68, 68, 68
62, 65, 68, 68, 68, 68, 68, 68
68, 68, 68, 68, 68, 68, 68, 68
