17, 15, 17, 21, 20, 26, 38, 48
15, 19, 18, 17, 20, 26, 35, 43
17, 18, 20, 22, 26, 30, 46, 53
21, 17, 22, 28, 30, 39, 53, 64
20, 20, 26, 30, 39, 48, 64, 64
26, 26, 30, 39, 48, 63, 64, 64
38, 35, 46, 53, 64, 64, 64, 64
48, 43, 53, 64, 64, 64, 64, 64
