9, 8, 9, 11, 14, 17, 19, 24
8, 10, 9, 11, 14, 13, 17, 22
9, 9, 13, 14, 13, 15, 23, 26
11, 11, 14, 14, 15, 20, 26, 33
14, 14, 13, 15, 20, 24, 33, 39
17, 13, 15, 20, 24, 32, 39, 39
19, 17, 23, 26, 33, 39, 39, 39
24, 22, 26, 33, 39, 39, 39, 39
