8, 6, 6, 8, 12, 14, 16, 17
6, 6, 6, 8, 10, 13, 12, 15
6, 6, 7, 8, 13, 14, 18, 24
8, 8, 8, 14, 13, 19, 24, 35
12, 10, 13, 13, 20, 26, 34, 39
14, 13, 14, 19, 26, 34, 39, 39
16, 12, 18, 24, 34, 39, 39, 39
17, 15, 24, 35, 39, 39, 39, 39
